[gd_scene load_steps=7 format=2]

[ext_resource path="res://Resources/Aseprite/FarmFront.png" type="Texture" id=1]
[ext_resource path="res://Resources/Aseprite/FarmSide.png" type="Texture" id=2]
[ext_resource path="res://Resources/Aseprite/FarmRoof.png" type="Texture" id=3]
[ext_resource path="res://Resources/Aseprite/FarmBack.png" type="Texture" id=4]

[sub_resource type="BoxShape" id=1]
extents = Vector3( 0.952942, 0.823054, 0.0146231 )

[sub_resource type="BoxShape" id=2]
extents = Vector3( 0.0612255, 1.23154, 2.51885 )

[node name="Farm" type="Spatial"]

[node name="Unlocked" type="Spatial" parent="."]

[node name="Front" type="StaticBody" parent="Unlocked"]

[node name="Sprite3D" type="Sprite3D" parent="Unlocked/Front"]
texture = ExtResource( 1 )

[node name="CollisionShape" type="CollisionShape" parent="Unlocked/Front"]
transform = Transform( 1, 0, 0, 0, 1, 0, 0, 0, 1, -1.54473, -1.76177, -0.00237322 )
shape = SubResource( 1 )

[node name="CollisionShape2" type="CollisionShape" parent="Unlocked/Front"]
transform = Transform( 1, 0, 0, 0, 1, 0, 0, 0, 1, 1.50949, -1.76177, -0.00237322 )
shape = SubResource( 1 )

[node name="Side" type="StaticBody" parent="Unlocked"]

[node name="Sprite3D" type="Sprite3D" parent="Unlocked/Side"]
transform = Transform( -1.62921e-07, 0, 1, 0, 1, 0, -1, 0, -1.62921e-07, -2.57433, -1.29988, -2.52823 )
texture = ExtResource( 2 )

[node name="CollisionShape" type="CollisionShape" parent="Unlocked/Side"]
transform = Transform( 1, 0, 0, 0, 1, 0, 0, 0, 1, -2.63344, -1.3, -2.528 )
shape = SubResource( 2 )

[node name="Side4" type="StaticBody" parent="Unlocked"]
transform = Transform( 1, 0, 0, 0, 1, 0, 0, 0, 1, 0, 0, -5.09426 )

[node name="Sprite3D" type="Sprite3D" parent="Unlocked/Side4"]
transform = Transform( -1.62921e-07, 0, 1, 0, 1, 0, -1, 0, -1.62921e-07, -2.57433, -1.29988, -2.52823 )
texture = ExtResource( 2 )

[node name="CollisionShape" type="CollisionShape" parent="Unlocked/Side4"]
transform = Transform( 1, 0, 0, 0, 1, 0, 0, 0, 1, -2.63344, -1.3, -2.528 )
shape = SubResource( 2 )

[node name="Back" type="StaticBody" parent="Unlocked"]
transform = Transform( -1.62921e-07, 0, 1, 0, 1, 0, -1, 0, -1.62921e-07, 2.53058, 0, -12.7511 )

[node name="Sprite3D" type="Sprite3D" parent="Unlocked/Back"]
transform = Transform( -1.62921e-07, 0, 1, 0, 1, 0, -1, 0, -1.62921e-07, -2.574, 0, -2.528 )
texture = ExtResource( 4 )

[node name="CollisionShape" type="CollisionShape" parent="Unlocked/Back"]
transform = Transform( 1, 0, 0, 0, 1, 0, 0, 0, 1, -2.63344, -1.3, -2.528 )
shape = SubResource( 2 )

[node name="Side2" type="StaticBody" parent="Unlocked"]
transform = Transform( 1, 0, 0, 0, 1, 0, 0, 0, 1, 5.17146, 0, 0 )

[node name="Sprite3D" type="Sprite3D" parent="Unlocked/Side2"]
transform = Transform( -1.62921e-07, 0, 1, 0, 1, 0, -1, 0, -1.62921e-07, -2.5973, -1.29988, -2.52823 )
texture = ExtResource( 2 )

[node name="CollisionShape" type="CollisionShape" parent="Unlocked/Side2"]
transform = Transform( 1, 0, 0, 0, 1, 0, 0, 0, 1, -2.59803, -1.3, -2.528 )
shape = SubResource( 2 )

[node name="Side3" type="StaticBody" parent="Unlocked"]
transform = Transform( 1, 0, 0, 0, 1, 0, 0, 0, 1, 5.17146, 0, -5.08151 )

[node name="Sprite3D" type="Sprite3D" parent="Unlocked/Side3"]
transform = Transform( -1.62921e-07, 0, 1, 0, 1, 0, -1, 0, -1.62921e-07, -2.5973, -1.29988, -2.52823 )
texture = ExtResource( 2 )

[node name="CollisionShape" type="CollisionShape" parent="Unlocked/Side3"]
transform = Transform( 1, 0, 0, 0, 1, 0, 0, 0, 1, -2.59803, -1.3, -2.528 )
shape = SubResource( 2 )

[node name="Roof" type="StaticBody" parent="Unlocked"]
transform = Transform( -1.62921e-07, 0.707107, 0.707107, 0, 0.707107, -0.707107, -1, -1.15202e-07, -1.15202e-07, -1.36225, 1.34914, -2.23209 )

[node name="Sprite3D" type="Sprite3D" parent="Unlocked/Roof"]
texture = ExtResource( 3 )

[node name="CollisionShape" type="CollisionShape" parent="Unlocked/Roof"]

[node name="Roof2" type="StaticBody" parent="Unlocked"]
transform = Transform( -1.62921e-07, 0.707107, 0.707107, 0, 0.707107, -0.707107, -1, -1.15202e-07, -1.15202e-07, -1.36225, 1.34914, -5.21464 )

[node name="Sprite3D" type="Sprite3D" parent="Unlocked/Roof2"]
texture = ExtResource( 3 )

[node name="CollisionShape" type="CollisionShape" parent="Unlocked/Roof2"]

[node name="Roof3" type="StaticBody" parent="Unlocked"]
transform = Transform( -1.62921e-07, 0.707107, 0.707107, 0, 0.707107, -0.707107, -1, -1.15202e-07, -1.15202e-07, -1.36225, 1.34914, -8.13593 )

[node name="Sprite3D" type="Sprite3D" parent="Unlocked/Roof3"]
texture = ExtResource( 3 )

[node name="CollisionShape" type="CollisionShape" parent="Unlocked/Roof3"]

[node name="Roof4" type="StaticBody" parent="Unlocked"]
transform = Transform( -1.62921e-07, -0.707107, 0.707107, 0, 0.707107, 0.707107, -1, 1.15202e-07, -1.15202e-07, 1.32613, 1.34914, -2.23209 )

[node name="Sprite3D" type="Sprite3D" parent="Unlocked/Roof4"]
texture = ExtResource( 3 )

[node name="CollisionShape" type="CollisionShape" parent="Unlocked/Roof4"]

[node name="Roof5" type="StaticBody" parent="Unlocked"]
transform = Transform( -1.62921e-07, -0.707107, 0.707107, 0, 0.707107, 0.707107, -1, 1.15202e-07, -1.15202e-07, 1.32613, 1.34914, -5.3023 )

[node name="Sprite3D" type="Sprite3D" parent="Unlocked/Roof5"]
texture = ExtResource( 3 )

[node name="CollisionShape" type="CollisionShape" parent="Unlocked/Roof5"]

[node name="Roof6" type="StaticBody" parent="Unlocked"]
transform = Transform( -1.62921e-07, -0.707107, 0.707107, 0, 0.707107, 0.707107, -1, 1.15202e-07, -1.15202e-07, 1.32613, 1.34914, -8.13595 )

[node name="Sprite3D" type="Sprite3D" parent="Unlocked/Roof6"]
texture = ExtResource( 3 )

[node name="CollisionShape" type="CollisionShape" parent="Unlocked/Roof6"]
